第一次load


rank 1

conflict_tensors

tensor([[ 0.0080,  0.0133,  0.0001,  ..., -0.0032,  0.0137, -0.0054],
        [-0.0041,  0.0015,  0.0003,  ..., -0.0034, -0.0004, -0.0007],
        [-0.0027,  0.0023, -0.0017,  ...,  0.0006,  0.0021, -0.0029],
        ...,
        [-0.0115, -0.0033, -0.0003,  ..., -0.0011,  0.0026, -0.0040],
        [-0.0020, -0.0060, -0.0021,  ...,  0.0047,  0.0003,  0.0058],
        [-0.0032,  0.0027,  0.0034,  ..., -0.0005, -0.0039,  0.0011]])


conflict_zone_result

tensor([[-0.0041,  0.0015,  0.0003,  ..., -0.0034, -0.0004, -0.0007],
        [ 0.0042,  0.0081, -0.0060,  ..., -0.0017, -0.0073, -0.0085],
        [-0.0042, -0.0036, -0.0034,  ..., -0.0026,  0.0013, -0.0090],
        ...,
        [-0.0025,  0.0081, -0.0050,  ...,  0.0100,  0.0001,  0.0074],
        [-0.0115, -0.0033, -0.0003,  ..., -0.0011,  0.0026, -0.0040],
        [-0.0032,  0.0027,  0.0034,  ..., -0.0005, -0.0039,  0.0011]])

rank 0

tensors

tensor([[ 0.0080,  0.0133,  0.0001,  ..., -0.0032,  0.0137, -0.0054],
        [-0.0041,  0.0015,  0.0003,  ..., -0.0034, -0.0004, -0.0007],
        [-0.0027,  0.0023, -0.0017,  ...,  0.0006,  0.0021, -0.0029],
        ...,
        [-0.0115, -0.0033, -0.0003,  ..., -0.0011,  0.0026, -0.0040],
        [-0.0020, -0.0060, -0.0021,  ...,  0.0047,  0.0003,  0.0058],
        [-0.0032,  0.0027,  0.0034,  ..., -0.0005, -0.0039,  0.0011]])

result

tensor([[ 7.9670e-03,  1.3338e-02,  1.2601e-04,  ..., -3.2073e-03,
          1.3692e-02, -5.4191e-03],
        [-2.6512e-03,  2.2648e-03, -1.6871e-03,  ...,  5.9169e-04,
          2.1144e-03, -2.9009e-03],
        [-5.9139e-03, -2.8535e-05,  1.7381e-03,  ...,  2.5417e-03,
          4.0317e-03, -1.0866e-03],
        ...,
        [ 1.3906e-03,  3.8556e-04, -6.5896e-04,  ..., -3.2148e-03,
         -9.8969e-03,  1.1314e-03],
        [-3.2645e-04, -6.0132e-03,  1.0167e-02,  ...,  8.2548e-03,
         -6.3824e-03,  5.7807e-03],
        [-2.0065e-03, -5.9584e-03, -2.0552e-03,  ...,  4.6504e-03,
          3.1773e-04,  5.8005e-03]])

第二次load一个

tensor([[ 0.0080,  0.0133,  0.0001,  ..., -0.0032,  0.0137, -0.0054],
        [-0.0041,  0.0015,  0.0003,  ..., -0.0034, -0.0004, -0.0007],
        [-0.0027,  0.0023, -0.0017,  ...,  0.0006,  0.0021, -0.0029],
        ...,
        [-0.0115, -0.0033, -0.0003,  ..., -0.0011,  0.0026, -0.0040],
        [-0.0020, -0.0060, -0.0021,  ...,  0.0047,  0.0003,  0.0058],
        [-0.0032,  0.0027,  0.0034,  ..., -0.0005, -0.0039,  0.0011]])